inf 13.60 18.03 34.08 244.17 248.20 34.82 36.88 31.06 40.25 19.92 23.32 24.21 26.87 23.84 249.06 252.79 256.13 43.29 60.80
13.60 inf 4.47 20.76 231.05 235.08 21.24 23.35 18.38 26.93 249.45 255.50 15.13 16.16 24.06 235.67 239.42 242.74 251.05 50.54
18.03 4.47 inf 16.80 227.02 231.03 16.94 19.10 14.21 22.47 245.34 251.39 254.33 13.15 25.07 231.46 235.23 238.53 246.79 47.01
34.08 20.76 16.80 inf 45.95 42.08 3.82 3.97 14.51 13.46 31.20 26.58 23.56 20.52 39.33 50.71 46.26 45.58 47.87 44.33
244.17 231.05 227.02 45.95 inf 4.12 45.75 259.48 38.83 48.84 20.59 26.40 28.79 32.57 18.69 23.19 22.14 26.00 38.01 62.48
248.20 235.08 231.03 42.08 4.12 inf 41.78 257.78 34.71 44.72 16.64 22.36 24.70 28.46 15.67 255.95 20.22 23.77 35.47 58.80
34.82 21.24 16.94 3.82 45.75 41.78 inf 2.32 11.47 9.71 29.65 24.58 21.47 18.08 37.62 48.76 44.29 43.31 44.87 40.51
36.88 23.35 19.10 3.97 259.48 257.78 2.32 inf 246.16 10.00 226.27 232.31 235.26 239.25 39.90 212.36 216.12 219.43 227.71 41.00
31.06 18.38 14.21 14.51 38.83 34.71 11.47 246.16 inf 10.05 236.01 242.02 245.01 249.01 27.49 221.51 225.38 228.56 236.43 33.53
40.25 26.93 22.47 13.46 48.84 44.72 9.71 10.00 10.05 inf 226.00 232.01 235.00 239.00 37.09 211.46 215.33 218.52 226.38 31.00
19.92 249.45 245.34 31.20 20.59 16.64 29.65 226.27 236.01 226.00 inf 6.08 9.00 13.00 8.20 241.35 245.25 248.39 256.13 42.43
23.32 255.50 251.39 26.58 26.40 22.36 24.58 232.31 242.02 232.01 6.08 inf 255.02 255.10 13.20 235.31 239.21 242.35 250.06 37.64
24.21 15.13 254.33 23.56 28.79 24.70 21.47 235.26 245.01 235.00 9.00 255.02 inf 4.00 16.36 232.36 236.26 239.41 247.17 36.62
26.87 16.16 13.15 20.52 32.57 28.46 18.08 239.25 249.01 239.00 13.00 255.10 4.00 inf 20.22 228.37 232.26 235.42 243.19 34.48
23.84 24.06 25.07 39.33 18.69 15.67 37.62 39.90 27.49 37.09 8.20 13.20 16.36 20.22 inf 11.70 7.56 9.27 19.98 44.44
249.06 235.67 231.46 50.71 23.19 255.95 48.76 212.36 221.51 211.46 241.35 235.31 232.36 228.37 11.70 inf 254.03 7.07 17.80 48.10
252.79 239.42 235.23 46.26 22.14 20.22 44.29 216.12 225.38 215.33 245.25 239.21 236.26 232.26 7.56 254.03 inf 4.24 16.40 45.19
256.13 242.74 238.53 45.58 26.00 23.77 43.31 219.43 228.56 218.52 248.39 242.35 239.41 235.42 9.27 7.07 4.24 inf 12.21 41.23
43.29 251.05 246.79 47.87 38.01 35.47 44.87 227.71 236.43 226.38 256.13 250.06 247.17 243.19 19.98 17.80 16.40 12.21 inf 31.58
60.80 50.54 47.01 44.33 62.48 58.80 40.51 41.00 33.53 31.00 42.43 37.64 36.62 34.48 44.44 48.10 45.19 41.23 31.58 inf
