16 11 18 8 17 10 12 5 15 0 3 4 13 19 7 14 9 1 2 6 20
3 8 1 5 7 4 14 6 18 2 12 10 16 11 19 15 9 13 0 17 20
19 5 4 7 9 0 18 6 3 15 1 12 16 13 14 17 8 2 11 10 20
6 18 11 17 15 8 10 9 4 14 13 5 7 0 12 16 1 2 19 3 20
17 18 2 16 7 11 8 15 12 0 13 14 1 4 9 10 3 5 19 6 20
16 15 2 13 11 8 7 4 10 18 12 1 5 3 0 6 17 14 9 19 20
4 12 16 18 6 17 14 8 13 5 0 3 9 11 15 7 2 10 19 1 20
19 16 14 13 0 3 17 2 10 1 6 15 12 7 4 5 18 11 9 8 20
12 17 10 5 7 2 13 18 8 3 6 15 14 19 0 11 16 1 9 4 20
17 19 18 3 7 2 10 5 6 9 8 13 15 1 14 11 0 16 4 12 20
