9 2 4 12 1 24 0 20 3 22 16 13 7 25 15 18 8 17 19 21 14 11 5 23 6 10 26
8 0 2 25 23 13 7 1 16 3 10 19 6 22 21 5 9 20 18 12 24 14 15 11 17 4 26
11 13 22 23 16 7 5 20 4 1 18 25 15 21 2 12 17 19 10 3 6 0 14 9 24 8 26
17 0 9 18 14 3 19 7 8 16 13 25 6 15 23 21 12 20 4 2 22 5 11 10 24 1 26
12 5 23 20 17 16 1 9 2 11 22 15 4 6 25 13 18 19 0 8 14 21 7 24 3 10 26
24 11 17 25 13 12 4 22 3 6 21 14 1 20 9 16 0 8 10 23 18 15 5 19 2 7 26
20 0 9 23 22 18 15 21 14 1 11 24 2 12 4 8 16 6 3 25 5 10 13 19 7 17 26
10 11 14 12 23 1 8 21 16 4 22 25 18 20 17 6 19 7 0 13 5 15 2 3 24 9 26
4 3 21 20 10 24 8 2 1 11 7 6 15 13 17 25 12 5 23 18 14 9 0 19 16 22 26
8 11 17 3 1 5 23 14 10 19 0 18 16 20 13 2 7 9 24 4 25 6 15 12 21 22 26
