7 20 13 6 2 15 21 19 12 14 22 18 8 4 3 17 11 0 23 1 9 5 10 16 24
0 8 10 16 5 13 18 14 21 4 11 9 23 15 12 7 2 3 6 19 17 1 20 22 24
12 22 14 17 1 21 0 3 9 2 23 5 7 15 13 20 6 19 10 11 18 8 4 16 24
10 11 9 13 18 1 7 15 14 12 0 6 19 3 20 23 22 2 21 8 5 17 16 4 24
13 14 19 18 8 6 1 15 20 17 11 16 9 7 5 2 0 10 21 23 3 12 22 4 24
3 11 15 22 19 20 5 12 13 10 2 17 6 8 9 4 14 7 16 23 18 21 1 0 24
12 22 7 2 21 4 5 15 10 19 23 11 3 16 14 17 8 6 20 0 9 13 18 1 24
5 8 7 1 0 22 15 2 10 12 20 19 16 18 3 21 6 9 14 4 13 17 11 23 24
5 7 14 4 6 23 8 15 18 10 16 12 19 2 13 9 11 20 21 22 0 17 1 3 24
4 9 15 16 8 5 17 20 1 13 6 22 23 0 18 2 11 12 3 10 19 21 14 7 24
