11 8 6 13 2 5 17 10 4 12 3 7 9 18 15 16 0 14 1 19
17 4 11 3 1 8 9 18 16 0 14 12 15 10 13 2 5 6 7 19
12 3 15 4 18 5 14 17 1 8 0 11 13 6 10 7 16 9 2 19
13 3 16 12 5 1 2 11 18 14 4 8 6 9 0 17 15 10 7 19
13 8 0 17 18 3 1 4 5 7 15 11 9 16 2 12 6 14 10 19
8 10 3 11 15 13 16 18 14 1 17 4 9 12 0 6 7 2 5 19
12 15 9 13 11 3 8 5 18 6 17 0 10 2 7 4 14 1 16 19
17 13 9 0 3 18 14 4 6 2 11 15 12 5 10 1 8 16 7 19
15 9 0 6 16 17 5 4 7 3 13 2 8 14 12 18 10 11 1 19
17 4 13 3 18 5 2 15 9 7 11 6 8 10 1 12 14 16 0 19
